V 54
K 1
D 0 0 508000 0
Y 1
U 889000 2540000 254000 0 2 3 REFDES=VR?
U 889000 2286000 254000 0 2 3 DEVICE=3296W-1-103LF
U 889000 2032000 254000 0 2 0 PKG_TYPE=3296W1503LF
U 889000 1778000 254000 0 2 0 Description=Trimmer Resistors - Through Hole 3/8" 10Kohms Sealed Vertical Adjust
U 889000 1524000 254000 0 2 0 Datasheet Link=https://www.bourns.com/pdfs/3296.pdf
U 889000 1270000 254000 0 2 0 Height=10.28
U 889000 1016000 254000 0 2 0 Mouser Part Number=652-3296W-1-103LF
U 889000 762000 254000 0 2 0 Mouser Price/Stock=https://www.mouser.co.uk/ProductDetail/Bourns/3296W-1-103LF?qs=CL3xLxiry19Id6AEaxYcng%3D%3D
U 889000 508000 254000 0 2 0 Manufacturer_Name=Bourns
U 889000 254000 254000 0 2 0 Manufacturer_Part_Number=3296W-1-103LF
U 0 0 254000 0 1 0 FORWARD_PCB=1
l 5 -254000 2032000 762000 2032000 762000 508000 -254000 508000 -254000 2032000
|GRPHSTL -1 -1 -1 1
P 1 508000 0 508000 508000 0 1 0
L 508000 584200 228600 1 2 0 1 0 CCW
A 457200 355600 203200 1 9 3 #=1
A 0 0 9 0 3 0 PINTYPE=BI
P 2 254000 0 254000 508000 0 1 0
L 254000 584200 228600 1 2 0 1 0 WIPER
A 203200 355600 203200 1 9 3 #=2
A 0 0 9 0 3 0 PINTYPE=BI
P 3 0 0 0 508000 0 1 0
L 0 584200 228600 1 2 0 1 0 CW
A -50800 355600 203200 1 9 3 #=3
A 0 0 9 0 3 0 PINTYPE=BI
E
