V 54
K 1
D 0 -508000 3048000 0
Y 1
U 2667000 762000 254000 0 2 3 REFDES=VR?
U 2667000 508000 254000 0 2 3 DEVICE=RD901F-40-15F-A100K-00DL1
U 2667000 254000 254000 0 2 0 PKG_TYPE=RD901F4015FA100K00DL1
U 2667000 0 254000 0 2 0 Description=Potentiometers 9mm Audio 100K Flat Shaft,100M at 250V DC,300V AC 50V AC
U 2667000 -254000 254000 0 2 0 Datasheet Link=http://www.taiwanalpha.com.tw/downloads?target=products&id=113
U 2667000 -508000 254000 0 2 0 Height=25
U 2667000 -762000 254000 0 2 0 Mouser Part Number=311-1940F-15F-A100K
U 2667000 -1016000 254000 0 2 0 Mouser Price/Stock=https://www.mouser.co.uk/ProductDetail/Alpha-Taiwan/RD901F-40-15F-A100K-00DL1?qs=1mbolxNpo8df9DDnn792hQ%3D%3D
U 2667000 -1270000 254000 0 2 0 Manufacturer_Name=Alpha (Taiwan)
U 2667000 -1524000 254000 0 2 0 Manufacturer_Part_Number=RD901F-40-15F-A100K-00DL1
U 0 0 254000 0 1 0 FORWARD_PCB=1
l 5 508000 254000 2540000 254000 2540000 -762000 508000 -762000 508000 254000
|GRPHSTL -1 -1 -1 1
P 1 0 0 508000 0 0 2 0
L 584200 0 228600 0 2 0 1 0 CCW
A 355600 50800 203200 0 9 3 #=1
A 0 0 9 0 3 0 PINTYPE=BI
P 2 0 -254000 508000 -254000 0 2 0
L 584200 -254000 228600 0 2 0 1 0 WIPER
A 355600 -203200 203200 0 9 3 #=2
A 0 0 9 0 3 0 PINTYPE=BI
P 3 0 -508000 508000 -508000 0 2 0
L 584200 -508000 228600 0 2 0 1 0 CW
A 355600 -457200 203200 0 9 3 #=3
A 0 0 9 0 3 0 PINTYPE=BI
P 4 3048000 0 2540000 0 0 3 0
L 2463800 0 228600 0 8 0 1 0 MH_1
A 2692400 50800 203200 0 3 3 #=4
A 0 0 9 0 3 0 PINTYPE=BI
P 5 3048000 -254000 2540000 -254000 0 3 0
L 2463800 -254000 228600 0 8 0 1 0 MH_2
A 2692400 -203200 203200 0 3 3 #=5
A 0 0 9 0 3 0 PINTYPE=BI
E
